923.150
926.226
930.748
937.804
949.743
972.537
1025.720
1084.940
1215.130
1215.670
1486.500
1548.190
1550.780
1640.430
1660.810
1666.000
1814.560
1854.720
1862.790
1906.680
1908.730
2141.706
2321.699
2324.249
2325.440
2327.680
2328.870
2424.774
2471.786
2661.184
2669.986
2796.399
2803.580
2854.544
3110.131
3343.194
3427.066
3722.747
3727.118
3730.119
3799.028
3836.528
3868.157
3869.917
3889.793
3890.213
3968.654
3971.255
4069.812
4077.564
4102.951
4341.748
4364.294
4472.814
4622.936
4687.024
4712.651
4721.393
4741.519
4862.763
4932.682
4960.370
5008.314
5193.346
5201.788
5519.327
5539.493
5578.974
5756.294
5877.358
6302.138
6313.902
6365.636
6549.959
6564.723
6585.369
6680.096
6718.396
6732.781
7067.276
7137.866
7172.785
7239.875
7265.442
7325.129
7334.131
7334.281
7753.361
8581.187
8729.659
9017.481
9071.246
9126.242
9231.642
9533.378
9548.693
9852.850
10052.207
10111.824
10126.228
10323.484
10833.430
10941.161
12570.427
12821.699
17367.003
18179.236
18756.402
19451.001
19630.353
20587.227
21661.336
26258.856
29053.359
30392.244
32070.226
32970.185
36603.729
37405.860
40522.956
44884.109
45293.027
46538.085
51286.950
56086.130
59082.491
59820.203
69853.788
73191.647
74599.152
75025.374
76453.785
78126.166
79019.823
89915.656
90335.776
95103.647
105106.223
123109.399
123719.575
128137.845
131022.675
143269.196
143680.314
147712.473
155553.728
187131.807
195583.237
218362.787
242134.622
258906.445
328714.517
334800.267
348146.104
360139.552
518152.986
573402.872
606437.371
631860.681
883577.058
1218020.221
1455368.466
1576813.386
2053030.314
3703754.951
6097653.275
