923.150
926.226
930.748
937.804
949.743
972.537
1025.72
1215.670
1264.74
1335.00
1393.75
1548.19
1550.78
1640.420
1660.810
1666.150
1670.79
1752.00
1812.205
1854.716
1862.790
1882.71
1892.03
1906.680
1908.730
2143.455
2321.664
2324.210
2325.400
2326.110
2327.640
2328.830
2471.088
2661.146
2669.951
2796.352
2803.530
3109.980
3343.500
3427.012
3722.750
3727.100
3729.860
3798.968
3836.468
3869.860
3889.750
3890.152
3968.590
3971.193
4069.750
4077.500
4102.888
4341.680
4364.435
4472.745
4622.864
4687.322
4725.470
4741.446
4862.690
4960.295
5008.240
5193.270
5201.705
5519.242
5539.411
5578.890
5756.190
5877.269
6302.046
6313.810
6365.535
6549.860
6564.600
6585.270
6679.994
6718.294
6732.673
7067.138
7137.770
7321.940
7332.210
7334.170
7753.190
8581.060
8729.530
9017.300
9071.100
9126.100
9231.500
9533.200
9548.500
9852.960
10052.100
10323.320
10833.267
10940.996
12570.210
12821.506
17366.742
18178.960
18756.100
19450.710
21661.010
26258.460
30391.790
32969.700
37405.300
40522.350
46537.400
51286.200
59081.600
69852.740
74598.000
75024.200
89913.800
105105.000
123717.720
128135.480
143267.045
143678.000
155551.000
187130.000
218302.000
252133.713
258902.557
328709.000
334800.000
348140.000
360135.000
518145.000
573300.000
606420.000
631852.000
883564.000
1218000.000
1455350.000
1576429.620
2053000.000
3703700.000
6097000.000
