917.473
917.726
917.970
918.147
918.493
918.704
919.912
920.243
920.963
922.509
922.969
923.150
923.438
924.009
926.226
927.472
928.186
929.014
930.748
934.501
935.672
937.804
942.258
943.939
946.100
946.387
948.506
949.743
950.661
952.118
953.970
954.104
959.306
963.828
967.202
969.049
972.537
973.577
976.791
977.000
980.700
981.258
991.000
993.354
1001.730
1007.340
1011.290
1020.180
1024.030
1025.720
1033.060
1035.740
1036.800
1040.080
1071.320
1084.940
1085.000
1086.270
1092.500
1095.690
1121.300
1131.120
1140.100
1154.420
1175.990
1179.590
1194.450
1198.850
1200.000
1206.500
1215.130
1215.670
1247.500
1256.000
1257.640
1264.740
1307.680
1309.280
1314.770
1324.110
1335.000
1341.170
1357.000
1375.730
1393.750
1400.370
1402.770
1406.020
1416.890
1472.740
1484.970
1486.500
1533.430
1548.190
1550.780
1561.330
1577.100
1640.430
1656.270
1660.810
1666.000
1670.790
1720.000
1742.000
1744.240
1748.650
1751.220
1751.830
1752.160
1754.000
1814.560
1816.930
1828.000
1854.720
1862.790
1882.710
1892.030
1906.680
1908.730
2060.467
2141.706
2297.643
2321.699
2324.249
2325.440
2327.680
2328.870
2335.352
2344.954
2400.008
2424.774
2471.786
2589.785
2661.184
2669.986
2796.399
2803.580
2829.957
2853.013
2854.544
2946.008
3110.131
3188.712
3343.194
3427.066
3448.632
3614.727
3722.747
3727.118
3730.119
3799.028
3820.754
3836.528
3868.157
3868.637
3869.917
3889.793
3890.213
3965.914
3968.654
3971.255
4027.401
4042.205
4052.207
4069.812
4070.212
4075.214
4076.214
4077.564
4095.219
4102.951
4112.224
4122.047
4144.993
4153.235
4170.210
4189.245
4240.259
4268.267
4279.270
4295.275
4307.168
4341.748
4343.288
4364.294
4380.298
4389.231
4438.865
4472.814
4608.362
4622.936
4650.374
4659.386
4670.629
4687.024
4703.008
4712.651
4714.421
4721.393
4741.519
4756.043
4862.763
4914.447
4923.380
4932.682
4960.370
5006.473
5008.314
5017.156
5049.125
5193.346
5199.427
5201.788
5271.948
5324.843
5519.327
5539.493
5578.974
5680.663
5756.294
5877.358
5891.672
6302.138
6313.902
6365.636
6549.959
6564.723
6585.369
6680.096
6718.396
6721.957
6732.781
7067.276
7137.866
7172.785
7239.875
7265.442
7283.467
7308.124
7325.129
7334.131
7334.281
7532.728
7753.361
7775.257
7951.807
8047.955
8364.155
8581.187
8619.447
8729.659
9017.481
9071.246
9126.242
9231.642
9266.682
9466.309
9533.378
9548.693
9606.219
9852.850
9905.865
10052.207
10111.824
10126.228
10289.675
10314.282
10323.484
10339.389
10373.499
10670.884
10749.306
10833.430
10916.154
10920.255
10941.161
10999.778
11016.282
11048.192
11471.513
11886.231
11972.656
12531.016
12570.427
12788.590
12794.192
12821.699
12849.807
12972.143
12988.647
13209.311
13415.570
13722.157
14304.925
15088.049
16440.237
17007.600
17367.003
18099.113
18179.236
18690.783
18702.586
18756.402
19094.899
19350.172
19451.001
19548.629
19630.353
20450.288
20587.227
21124.082
21136.385
21661.336
23218.383
24734.519
24814.241
26192.537
26206.041
26241.351
26258.856
29053.359
30392.244
32070.226
32970.185
36603.729
37036.654
37405.860
39293.302
40378.014
40409.923
40490.746
40490.947
40522.956
42958.256
44884.109
45293.027
46181.582
46538.085
51286.950
53403.458
55033.527
56086.130
59082.491
59820.203
65147.535
69853.788
73191.647
74538.835
74562.541
74562.641
74599.152
75025.374
76453.785
78126.166
79019.823
87601.190
89915.656
90091.406
90335.776
95103.647
105106.223
113087.518
117662.833
123109.399
123719.575
128137.845
131022.675
143269.196
143680.314
147712.473
155553.728
162091.608
178848.426
179365.574
187131.807
190619.810
195583.237
203255.443
218362.787
229255.919
242134.622
245190.501
258906.445
259885.726
278034.945
328714.517
330364.991
332816.696
334800.267
348146.104
353495.642
360139.552
388700.765
513012.508
516803.598
518152.986
573402.872
606437.371
631860.681
883577.058
1218020.221
1455368.466
1576813.386
2053030.314
3703754.951
6097653.275
